(0, 193)	1.0
(2, 10)		0.5948879721910886
(2, 16)		0.5828680809305259
(2, 145)	0.5535098018777449
(3, 142)	0.7221613687750792
(3, 16)		0.6917246254463577
(4, 27)		0.5000408342622854
(4, 26)		0.46387548032778825
(4, 46)		0.5456037917470983
(4, 57)		0.41481424162373565
(4, 143)	0.2549987258757491
(6, 137)	0.7472309063208437
(6, 181)	0.6645644984792148
(7, 197)	0.681287276900226
(7, 24)		0.7320161516892062
(8, 147)	0.4559029877976044
(8, 134)	0.4692391909051055
(8, 166)	0.39908231529748756
(8, 119)	0.3899671479956087
(8, 158)	0.3359690167804421
(8, 65)		0.3843836576917521
(9, 175)	1.0
(10, 10)	0.8322351253563973
(10, 158)	0.5544228495679283
(11, 128)	0.5642471969406696
